5326103308268414|06|2028|237
5326103308784022|09|2028|463
5326103308517612|05|2028|568
5326103308767274|07|2027|128
5326103308504610|11|2027|161
5326103308360344|11|2026|678
5326103308424348|01|2028|023
5326103308886355|04|2028|724
5326103308853280|05|2027|683
5326103308610136|02|2028|170
5326103308840550|03|2026|826
5326103308510161|11|2027|515
5326103308627528|10|2026|318
5326103308054723|07|2027|325
5326103308020658|10|2027|534
5326103308857356|09|2028|358
5326103308631553|07|2025|378
5326103308527579|10|2026|308
5326103308832060|09|2025|057
5326103308813169|06|2025|472
5326103308486289|07|2025|206
5326103308270204|05|2028|865
5326103308285582|04|2027|530
5326103308561214|06|2027|688
5326103308041142|12|2025|843
5326103308821006|07|2028|183
5326103308651684|09|2025|278
5326103308415460|04|2025|142
5326103308043353|05|2027|685
5326103308336708|10|2028|253
5326103308711322|06|2027|847
5326103308654845|12|2025|775
5326103308434172|05|2025|553
5326103308533155|02|2025|563
5326103308376563|11|2026|864
5326103308367745|01|2025|430
5326103308037355|10|2025|564
5326103308336609|04|2025|601
5326103308704400|12|2026|411
5326103308037447|01|2028|815
5326103308273364|11|2026|143
5326103308088739|07|2026|662
5326103308212032|04|2027|056
5326103308771524|12|2027|504
5326103308560026|08|2026|257
5326103308127453|08|2028|412
5326103308607272|11|2026|043
5326103308157674|06|2027|671
5326103308427044|03|2027|320
5326103308657228|08|2025|118
5326103308800810|12|2025|512
5326103308716321|12|2027|567
5326103308582368|01|2028|623
5326103308456043|12|2028|756
5326103308010808|06|2028|720
5326103308020260|11|2026|565
5326103308351541|11|2027|150
5326103308834421|02|2026|850
5326103308818366|04|2025|117
5326103308118825|03|2025|123
5326103308763265|01|2025|344
5326103308136140|05|2025|254
5326103308230489|10|2028|266
5326103308004074|03|2026|100
5326103308136421|02|2026|167
5326103308340312|08|2028|613
5326103308474673|05|2025|483
5326103308620408|05|2028|032
5326103308257805|07|2025|060
5326103308414687|12|2025|570
5326103308875226|10|2025|152
5326103308860319|06|2026|475
5326103308705852|04|2025|611
5326103308144219|08|2026|281
5326103308150331|05|2026|736
5326103308672185|06|2025|706
5326103308526183|06|2026|802
5326103308312105|02|2025|337
5326103308112778|02|2026|405
5326103308487238|08|2027|323
5326103308170768|03|2025|820
5326103308581733|01|2027|670
5326103308085701|08|2027|688
5326103308011277|02|2025|862
5326103308827656|08|2025|838
5326103308847860|05|2026|867
5326103308506862|03|2025|152
5326103308052321|08|2027|302
5326103308314085|09|2025|171
5326103308616380|11|2025|164
5326103308412145|07|2025|867
5326103308612041|09|2027|627
5326103308563350|10|2025|256
5326103308163268|07|2025|207
5326103308076189|03|2025|105
5326103308124120|04|2026|837
5326103308877305|07|2026|846
5326103308554334|10|2026|775
5326103308723806|05|2027|686
5326103308756517|06|2026|861
